\begin{table}
\caption{Correlation matrix for all models}
\label{tab:all_models_corr}
\begin{tabular}{lrrrrrrrrrrrrrrrr}
\toprule
 & BoW-LM & BoW-GI & BoW-CU & BoW-LM-Negation & BoW-GI-Negation & BoW-CU-Negation & financialbert & distilroberta & financial-roberta & openai_P & Earnings Suprise & Earnings Suprise$^2$ & Net Income & NUMUP & NUMDOWN & CAR-11-Carhart \\
\midrule
BoW-LM & 1.00 & 0.39 & 0.56 & 0.99 & 0.39 & 0.55 & 0.29 & 0.32 & 0.41 & 0.11 & -0.05 & -0.05 & -0.01 & -0.02 & 0.02 & -0.00 \\
BoW-GI & 0.39 & 1.00 & 0.35 & 0.39 & 1.00 & 0.35 & 0.18 & 0.19 & 0.25 & 0.06 & 0.03 & 0.03 & -0.02 & 0.03 & 0.01 & -0.02 \\
BoW-CU & 0.56 & 0.35 & 1.00 & 0.56 & 0.35 & 0.99 & 0.28 & 0.29 & 0.40 & 0.11 & -0.02 & -0.02 & -0.02 & 0.03 & -0.01 & -0.02 \\
BoW-LM-Negation & 0.99 & 0.39 & 0.56 & 1.00 & 0.39 & 0.56 & 0.29 & 0.31 & 0.41 & 0.11 & -0.05 & -0.05 & -0.01 & -0.02 & 0.02 & -0.00 \\
BoW-GI-Negation & 0.39 & 1.00 & 0.35 & 0.39 & 1.00 & 0.35 & 0.18 & 0.19 & 0.25 & 0.06 & 0.03 & 0.03 & -0.02 & 0.03 & 0.01 & -0.02 \\
BoW-CU-Negation & 0.55 & 0.35 & 0.99 & 0.56 & 0.35 & 1.00 & 0.27 & 0.28 & 0.39 & 0.11 & -0.02 & -0.03 & -0.02 & 0.03 & -0.01 & -0.02 \\
financialbert & 0.29 & 0.18 & 0.28 & 0.29 & 0.18 & 0.27 & 1.00 & 0.61 & 0.65 & 0.10 & 0.00 & 0.01 & -0.00 & 0.04 & 0.02 & -0.04 \\
distilroberta & 0.32 & 0.19 & 0.29 & 0.31 & 0.19 & 0.28 & 0.61 & 1.00 & 0.72 & 0.13 & -0.02 & -0.02 & -0.03 & 0.02 & 0.02 & -0.05 \\
financial-roberta & 0.41 & 0.25 & 0.40 & 0.41 & 0.25 & 0.39 & 0.65 & 0.72 & 1.00 & 0.14 & -0.01 & -0.01 & -0.02 & 0.02 & 0.03 & -0.03 \\
openai_P & 0.11 & 0.06 & 0.11 & 0.11 & 0.06 & 0.11 & 0.10 & 0.13 & 0.14 & 1.00 & 0.00 & 0.01 & -0.00 & -0.01 & -0.01 & -0.02 \\
Earnings Suprise & -0.05 & 0.03 & -0.02 & -0.05 & 0.03 & -0.02 & 0.00 & -0.02 & -0.01 & 0.00 & 1.00 & 0.94 & 0.04 & 0.12 & -0.16 & 0.26 \\
Earnings Suprise$^2$ & -0.05 & 0.03 & -0.02 & -0.05 & 0.03 & -0.03 & 0.01 & -0.02 & -0.01 & 0.01 & 0.94 & 1.00 & 0.02 & 0.14 & -0.11 & 0.23 \\
Net Income & -0.01 & -0.02 & -0.02 & -0.01 & -0.02 & -0.02 & -0.00 & -0.03 & -0.02 & -0.00 & 0.04 & 0.02 & 1.00 & 0.05 & 0.02 & 0.04 \\
NUMUP & -0.02 & 0.03 & 0.03 & -0.02 & 0.03 & 0.03 & 0.04 & 0.02 & 0.02 & -0.01 & 0.12 & 0.14 & 0.05 & 1.00 & 0.08 & -0.02 \\
NUMDOWN & 0.02 & 0.01 & -0.01 & 0.02 & 0.01 & -0.01 & 0.02 & 0.02 & 0.03 & -0.01 & -0.16 & -0.11 & 0.02 & 0.08 & 1.00 & -0.00 \\
CAR-11-Carhart & -0.00 & -0.02 & -0.02 & -0.00 & -0.02 & -0.02 & -0.04 & -0.05 & -0.03 & -0.02 & 0.26 & 0.23 & 0.04 & -0.02 & -0.00 & 1.00 \\
\bottomrule
\end{tabular}
\end{table}
