\begin{table}
\caption{Correlation matrix for the BoW sentiment analysis using different dictionaries and negations.}
\label{tab:bow_sentiment_correlations}
\begin{tabular}{lcccccc}
\toprule
 & bow_lm & bow_lm_neg & bow_gi & bow_gi_neg & bow_cu & bow_cu_neg \\
\midrule
bow_lm & 1.00 & 0.99 & 0.45 & 0.46 & 0.60 & 0.61 \\
bow_lm_neg & 0.99 & 1.00 & 0.42 & 0.44 & 0.58 & 0.59 \\
bow_gi & 0.45 & 0.42 & 1.00 & 0.99 & 0.97 & 0.96 \\
bow_gi_neg & 0.46 & 0.44 & 0.99 & 1.00 & 0.97 & 0.97 \\
bow_cu & 0.60 & 0.58 & 0.97 & 0.97 & 1.00 & 0.99 \\
bow_cu_neg & 0.61 & 0.59 & 0.96 & 0.97 & 0.99 & 1.00 \\
\bottomrule
\end{tabular}
\end{table}
